90,1,0,1,90,1,0,1,90,1,180,1,90,1,180,1,90,1,0,1,90,1,0,1,90,1,0,1,90,1,180,1,90,1,180,1,90,1,0,1,90,1,0,1,90,1,180,1,90,1,180,1,90,1,0,1,90,1,0,1,90,1,90,1,
0,0.5,30,0.5,60,0.5,90,0.5,0,0.5,-30,0.5,-60,0.5,-90,0.5,0,0.5,30,0.5,60,0.5,90,0.5,0,0.5,-30,0.5,-60,0.5,-90,0.5,0,0.5,30,0.5,60,0.5,90,0.5,0,0.5,-30,0.5,-60,0.5,-90,0.5,0,0.5,30,0.5,60,0.5,90,0.5,0,2,
270,0.5,270,0.5,270,0.5,270,0.5,180,0.5,180,0.5,180,0.5,180,0.5,270,0.5,270,0.5,270,0.5,270,0.5,180,0.5,180,0.5,180,0.5,180,0.5,45,0.5,45,0.5,45,0.5,45,0.5,135,0.5,135,0.5,135,0.5,135,0.5,45,0.5,45,0.5,45,0.5,45,0.5,
270,0.5,270,0.5,270,0.5,270,0.5,0,0.5,0,0.5,0,0.5,0,0.5,180,0.5,180,0.5,180,0.5,180,0.5,90,0.5,90,0.5,90,0.5,90,0.5,0,0.5,0,0.5,0,0.5,0,0.5,135,0.5,135,0.5,135,0.5,135,0.5,315,0.5,315,0.5,315,0.5,315,0.5,270,0.5,270,0.5,270,0.5,270,0.5,270,1.875,
6,0.375,12,0.125,18,0.125,24,0.125,30,0.125,36,0.125,42,0.125,48,0.125,54,0.125,60,0.125,66,0.125,72,0.125,78,0.125,84,0.125,90,0.125,96,0.125,102,0.125,108,0.125,114,0.125,120,0.125,126,0.125,132,0.125,138,0.125,144,0.125,150,0.125,156,0.125,162,0.125,168,0.125,174,0.25,
6,0.375,12,0.125,18,0.125,24,0.125,30,0.125,36,0.125,42,0.125,48,0.125,54,0.125,60,0.125,66,0.125,72,0.125,78,0.125,84,0.125,90,0.125,96,0.125,102,0.125,108,0.125,114,0.125,120,0.125,126,0.125,132,0.125,138,0.125,144,0.125,150,0.125,156,0.125,162,0.125,168,0.125,174,0.25,
6,0.375,12,0.125,18,0.125,24,0.125,30,0.125,36,0.125,42,0.125,48,0.125,54,0.125,60,0.125,66,0.125,72,0.125,78,0.125,84,0.125,90,0.125,96,0.125,102,0.125,108,0.125,114,0.125,120,0.125,126,0.125,132,0.125,138,0.125,144,0.125,150,0.125,156,0.125,162,0.125,168,0.125,174,0.25,
6,0.375,12,0.125,18,0.125,24,0.125,30,0.125,36,0.125,42,0.125,48,0.125,54,0.125,60,0.125,66,0.125,72,0.125,78,0.125,84,0.125,90,0.125,96,0.125,102,0.125,108,0.125,114,0.125,120,0.125,126,0.125,132,0.125,138,0.125,144,0.125,150,0.125,156,0.125,162,0.125,168,0.125,174,0.25,
6,0.375,12,0.125,18,0.125,24,0.125,30,0.125,36,0.125,42,0.125,48,0.125,54,0.125,60,0.125,66,0.125,72,0.125,78,0.125,84,0.125,90,0.125,96,0.125,102,0.125,108,0.125,114,0.125,120,0.125,126,0.125,132,0.125,138,0.125,144,0.125,150,0.125,156,0.125,162,0.125,168,0.125,174,0.25,
6,0.375,12,0.125,18,0.125,24,0.125,30,0.125,36,0.125,42,0.125,48,0.125,54,0.125,60,0.125,66,0.125,72,0.125,78,0.125,84,0.125,90,0.125,96,0.125,102,0.125,108,0.125,114,0.125,120,0.125,126,0.125,132,0.125,138,0.125,144,0.125,150,0.125,156,0.125,162,0.125,168,0.125,174,0.25,
6,0.375,12,0.125,18,0.125,24,0.125,30,0.125,36,0.125,42,0.125,48,0.125,54,0.125,60,0.125,66,0.125,72,0.125,78,0.125,84,0.125,90,0.125,96,0.125,102,0.125,108,0.125,114,0.125,120,0.125,126,0.125,132,0.125,138,0.125,144,0.125,150,0.125,156,0.125,162,0.125,168,0.125,174,0.25,
6,0.375,12,0.125,18,0.125,24,0.125,30,0.125,36,0.125,42,0.125,48,0.125,54,0.125,60,0.125,66,0.125,72,0.125,78,0.125,84,0.125,90,0.125,96,0.125,102,0.125,108,0.125,114,0.125,120,0.125,126,0.125,132,0.125,138,0.125,144,0.125,150,0.125,156,0.125,162,0.125,168,0.125,174,0.375,
0,1,180,1,0,1,180,1,0,1,180,1,0,1,180,1,0,1,180,1,0,1,180,1,0,4,
-45,0.75,-90,0.25,-90,1.5,-135,0.5,-180,0.5,-225,0.5,-270,0.75,-315,0.25,-315,0.75,0,0.75,0,0.5,0,1,-45,0.75,-90,0.25,-90,1.5,-135,0.5,-180,0.5,-225,0.5,-270,0.75,-315,0.25,-315,0.75,0,0.75,0,0.5,0,1,-45,0.75,-90,0.25,-90,1.5,-135,0.5,-180,0.5,-225,0.5,-270,0.75,-315,0.25,-315,0.75,0,0.75,0,0.5,0,1,-45,0.75,-90,0.25,-90,1.5,-135,0.5,-180,0.5,-225,0.5,-270,0.75,-315,0.25,-315,0.75,0,0.75,0,0.5,0,1,
45,0.75,90,0.25,90,1.5,135,0.5,180,0.5,225,0.5,270,0.75,315,0.25,315,0.75,0,0.75,0,0.5,0,1,45,0.75,90,0.25,90,1.5,135,0.5,180,0.5,225,0.5,270,0.75,315,0.25,315,0.75,0,0.75,0,0.5,0,1,45,0.75,90,0.25,90,1.5,135,0.5,180,0.5,225,0.5,270,0.75,315,0.25,315,0.75,0,0.75,0,0.5,0,1,45,0.75,90,0.25,90,1.5,135,0.5,180,0.5,225,0.5,
0,0.25,0,0.25,0,0.25,0,0.25,0,0.25,0,0.25,0,0.25,0,0.25,0,0.25,0,0.25,0,0.25,0,0.25,0,0.25,0,0.25,0,0.25,0,0.25,
30,2,170,2,110,2,300,2,0,1,90,1,0,1,-90,0.25,-90,0.75,90,0.25,90,0.25,90,0.25,90,0.25,90,0.25,90,0.25,90,0.25,90,0.25,90,2,
90,1,100,0.125,110,0.125,120,0.125,130,0.125,140,0.125,150,0.125,160,0.125,170,0.125,180,0.125,190,0.125,200,0.125,210,0.125,220,0.125,230,0.125,240,0.125,250,0.125,260,0.125,270,0.125,280,0.125,290,0.125,300,0.125,310,0.125,320,0.125,330,0.125,340,0.125,350,0.125,360,0.125,10,0.125,20,0.125,30,0.125,40,0.125,
90,1,80,0.125,70,0.125,60,0.125,50,0.125,40,0.125,30,0.125,20,0.125,10,0.125,0,0.125,350,0.125,340,0.125,330,0.125,320,0.125,310,0.125,300,0.125,290,0.125,280,1,
270,0.125,260,0.125,250,0.125,240,0.125,230,0.125,220,0.125,210,0.125,200,0.125,190,0.125,180,0.125,170,0.125,160,0.125,150,0.125,140,0.125,130,0.125,120,0.125,110,0.125,100,0.125,90,0.125,80,0.125,70,0.125,60,0.125,50,0.125,40,0.125,30,0.125,20,0.125,10,0.125,0,0.125,350,0.125,340,0.125,330,0.125,320,0.125,310,0.125,300,0.125,290,0.125,280,0.125,270,0.125,260,0.125,250,0.125,240,0.125,230,0.125,220,0.125,210,0.125,200,0.125,190,0.125,180,0.125,170,0.125,160,0.125,150,0.125,140,0.125,130,0.125,120,0.125,110,0.125,100,0.125,90,0.125,80,0.125,
90,1,100,0.125,110,0.125,120,0.125,130,0.125,140,0.125,150,0.125,160,0.125,170,0.125,180,0.125,190,0.125,200,0.125,210,0.125,220,0.125,230,0.125,240,0.125,250,0.125,260,0.125,270,0.125,280,0.125,290,0.125,300,0.125,310,0.125,320,0.125,330,0.125,340,0.125,350,0.125,360,0.125,10,0.125,20,0.125,30,0.125,40,0.125,
90,1,80,0.125,70,0.125,60,0.125,50,0.125,40,0.125,30,0.125,20,0.125,10,0.125,0,0.125,350,0.125,340,0.125,330,0.125,320,0.125,310,0.125,300,0.125,290,0.125,280,1,
270,0.125,260,0.125,250,0.125,240,0.125,230,0.125,220,0.125,210,0.125,200,0.125,190,0.125,180,0.125,170,0.125,160,0.125,150,0.125,140,0.125,130,0.125,120,0.125,110,0.125,100,0.125,90,0.125,80,0.125,70,0.125,60,0.125,50,0.125,40,0.125,30,0.125,20,0.125,10,0.125,0,0.125,350,0.125,340,0.125,330,0.125,320,0.125,310,0.125,300,0.125,290,0.125,280,0.125,270,0.125,260,0.125,250,0.125,240,0.125,230,0.125,220,0.125,210,0.125,200,0.125,190,0.125,180,0.125,170,0.125,160,0.125,150,0.125,140,0.125,130,0.125,120,0.125,110,0.125,100,0.125,90,0.125,80,0.125,
130,0.125,125,0.125,120,0.125,115,0.125,110,0.125,105,0.125,100,0.125,95,0.125,90,0.125,85,0.125,80,0.125,75,0.125,70,0.125,65,0.125,60,0.125,55,0.125,50,0.125,55,0.125,60,0.125,65,0.125,70,0.125,75,0.125,80,0.125,85,0.125,90,0.125,95,0.125,100,0.125,105,0.125,110,0.125,115,0.125,120,0.125,125,0.125,
130,0.125,50,0.125,125,0.125,55,0.125,120,0.125,60,0.125,115,0.125,65,0.125,110,0.125,70,0.125,105,0.125,75,0.125,100,0.125,80,0.125,95,0.125,85,0.125,90,0.125,90,0.125,85,0.125,95,0.125,80,0.125,100,0.125,75,0.125,105,0.125,70,0.125,110,0.125,65,0.125,115,0.125,60,0.125,120,0.125,55,0.125,125,0.125,
310,0.125,305,0.125,300,0.125,295,0.125,290,0.125,285,0.125,280,0.125,275,0.125,270,0.125,265,0.125,260,0.125,255,0.125,250,0.125,245,0.125,240,0.125,235,0.125,230,0.125,235,0.125,240,0.125,245,0.125,250,0.125,255,0.125,260,0.125,265,0.125,270,0.125,275,0.125,280,0.125,285,0.125,290,0.125,295,0.125,300,0.125,305,0.125,
310,0.125,230,0.125,305,0.125,235,0.125,300,0.125,240,0.125,295,0.125,245,0.125,290,0.125,250,0.125,285,0.125,255,0.125,280,0.125,260,0.125,275,0.125,265,0.125,270,0.125,270,0.125,265,0.125,275,0.125,260,0.125,280,0.125,255,0.125,285,0.125,250,0.125,290,0.125,245,0.125,295,0.125,240,0.125,300,0.125,235,0.125,305,0.125,
140,0.125,145,0.125,150,0.125,155,0.125,160,0.125,165,0.125,170,0.125,175,0.125,180,0.125,185,0.125,190,0.125,195,0.125,200,0.125,205,0.125,210,0.125,215,0.125,220,0.125,215,0.125,210,0.125,205,0.125,200,0.125,195,0.125,190,0.125,185,0.125,180,0.125,175,0.125,170,0.125,165,0.125,160,0.125,155,0.125,150,0.125,145,0.125,
140,0.125,220,0.125,145,0.125,215,0.125,150,0.125,210,0.125,155,0.125,205,0.125,160,0.125,200,0.125,165,0.125,195,0.125,170,0.125,190,0.125,175,0.125,185,0.125,180,0.125,180,0.125,185,0.125,175,0.125,190,0.125,170,0.125,195,0.125,165,0.125,200,0.125,160,0.125,205,0.125,155,0.125,210,0.125,150,0.125,205,0.125,145,0.125,
320,0.125,325,0.125,330,0.125,335,0.125,340,0.125,345,0.125,350,0.125,355,0.125,0,0.125,5,0.125,10,0.125,15,0.125,20,0.125,25,0.125,30,0.125,35,0.125,40,0.125,35,0.125,30,0.125,25,0.125,20,0.125,15,0.125,10,0.125,5,0.125,0,0.125,355,0.125,350,0.125,345,0.125,340,0.125,335,0.125,330,0.125,325,0.125,
320,0.125,40,0.125,325,0.125,35,0.125,330,0.125,30,0.125,335,0.125,25,0.125,340,0.125,20,0.125,345,0.125,15,0.125,350,0.125,10,0.125,355,0.125,5,0.125,0,0.125,0,0.125,5,0.125,355,0.125,10,0.125,350,0.125,15,0.125,345,0.125,20,0.125,340,0.125,25,0.125,335,0.125,30,0.125,330,0.125,35,0.125,335,0.125,0,10,