90,1,90,1,90,1,90,1,180,1,180,1,180,1,180,1,270,1,270,1,270,1,270,1,45,1,45,1,45,1,45,1,135,1,135,1,135,1,135,1,90,1,270,1,180,1,0,1,0,4,
0,0.75,180,0.25,180,0.75,0,0.5,0,0.25,0,0.5,180,1,90,0.75,270,0.25,270,0.75,90,0.5,90,0.25,90,0.5,270,1,270,0.75,0,0.25,0,0.75,180,0.5,0,0.25,90,0.5,90,1,270,0.75,270,0.25,180,0.75,180,0.5,0,0.25,0,0.5,0,1,
180,0.75,0,0.25,0,0.75,180,0.5,180,0.25,0,0.5,180,1,0,0.75,180,0.25,180,0.75,0,0.5,0,0.25,90,0.5,90,1,2700,0.75,180,0.25,180,0.75,0,0.5,180,0.25,270,0.5,270,1,0,0.75,90,0.25,0,0.75,180,0.5,180,0.25,180,0.5,0,0.25,0,0.25,270,0.25,180,16.25,
90,0.5,90,0.5,90,0.25,90,0.25,90,0.5,90,0.5,90,0.5,90,0.25,90,0.25,90,0.5,270,0.5,270,0.5,270,0.25,270,0.25,270,0.5,270,0.25,270,0.25,270,0.5,270,0.25,270,0.25,270,0.5,
0,0.25,180,0.25,0,0.25,180,0.25,0,0.25,180,0.25,0,0.25,180,0.25,0,0.25,180,0.25,0,0.25,180,0.25,0,0.25,180,0.25,0,0.25,180,0.25,90,0.25,270,0.25,90,0.25,270,0.25,90,0.25,270,0.25,90,0.25,270,0.25,90,0.25,270,0.25,90,0.25,270,0.25,90,0.75,
0,0.5,180,0.75,0,0.25,180,0.5,90,0.5,270,0.75,90,0.25,270,0.5,0,0.5,180,0.75,0,0.25,180,0.5,90,0.5,270,0.75,90,0.25,270,0.5,0,0.5,180,0.75,0,0.25,180,0.5,90,0.5,270,0.75,90,0.25,270,0.5,0,0.5,0,0.75,0,0.25,0,0.75,0,0.25,0,0.75,0,0.125,0,0.125,0,0.5,
0,0.5,180,0.75,0,0.25,180,0.5,90,0.5,270,0.75,90,0.25,270,0.5,0,0.5,180,0.75,0,0.25,180,0.5,90,0.5,270,0.75,90,0.25,270,0.5,0,0.5,180,0.75,0,0.25,180,0.5,90,0.5,270,0.75,90,0.25,270,0.5,0,0.25,0,0.25,0,0.25,0,0.25,0,0.25,0,0.25,0,0.25,0,0.25,0,0.25,0,0.25,0,0.25,0,0.25,0,0.25,0,0.25,0,0.25,0,0.25,
90,0.5,270,0.75,90,0.25,270,0.5,180,0.5,0,0.75,180,0.25,0,0.5,90,0.5,270,0.75,90,0.25,270,0.5,180,0.5,0,0.75,180,0.25,0,0.5,90,0.5,270,0.75,90,0.25,270,0.5,180,0.5,0,0.75,180,0.25,90,0.5,180,0.5,90,0.75,180,0.25,90,0.75,90,0.25,90,0.75,180,0.125,180,0.125,180,0.5,
10,0.5,20,0.75,30,0.25,40,0.5,50,0.5,60,0.75,70,0.25,80,0.5,90,0.5,100,0.75,110,0.25,120,0.5,130,0.5,140,0.75,150,0.25,160,0.5,170,0.5,180,0.75,190,0.25,200,0.5,210,0.5,220,0.75,230,0.25,240,0.5,250,0.25,260,0.25,270,0.25,280,0.25,290,0.25,300,0.25,310,0.25,320,0.25,330,0.25,340,0.25,350,0.25,0,0.25,0,0.25,0,0.25,0,0.25,0,32.5,
0,0.75,0,0.25,0,0.75,0,0.5,0,0.25,0,0.5,0,1,0,0.75,0,0.25,0,0.75,0,0.5,0,0.25,0,0.5,0,1,0,0.75,0,0.25,0,0.75,0,0.5,0,0.25,0,0.5,0,1,0,0.75,0,0.25,0,0.75,0,0.5,0,0.25,0,0.5,0,1,
180,0.75,180,0.25,180,0.75,180,0.5,180,0.25,180,0.5,180,1,180,0.75,180,0.25,180,0.75,180,0.5,180,0.25,180,0.5,180,1,180,0.75,180,0.25,180,0.75,180,0.5,180,0.25,180,0.5,180,1,180,0.75,180,0.25,180,0.75,180,0.5,180,0.25,180,0.5,180,0.25,180,0.25,180,0.25,180,16.25,
90,0.5,90,0.5,90,0.25,90,0.25,90,0.5,90,0.5,90,0.5,90,0.25,90,0.25,90,0.5,270,0.5,270,0.5,270,0.25,270,0.25,270,0.5,270,0.25,270,0.25,270,0.5,270,0.25,270,0.25,270,0.5,
0,0.5,180,0.5,0,0.5,180,0.5,0,0.5,180,0.5,0,0.5,180,0.5,90,0.5,270,0.5,90,0.5,270,0.5,90,0.5,270,0.5,90,0.75,
0,0.5,180,0.75,0,0.25,180,0.5,90,0.5,270,0.75,90,0.25,270,0.5,0,0.5,180,0.75,0,0.25,180,0.5,90,0.5,270,0.75,90,0.25,270,0.5,0,0.5,180,0.75,0,0.25,180,0.5,90,0.5,270,0.75,90,0.25,270,0.5,0,0.5,0,0.75,0,0.25,0,0.75,0,0.25,0,0.75,0,0.125,0,0.125,0,0.5,
0,0.5,180,0.75,0,0.25,180,0.5,90,0.5,270,0.75,90,0.25,270,0.5,0,0.5,180,0.75,0,0.25,180,0.5,90,0.5,270,0.75,90,0.25,270,0.5,0,0.5,180,0.75,0,0.25,180,0.5,90,0.5,270,0.75,90,0.25,270,0.5,0,0.25,0,0.25,0,0.25,0,0.25,0,0.25,0,0.25,0,0.25,0,0.25,0,0.25,0,0.25,0,0.25,0,0.25,0,0.25,0,0.25,0,0.25,0,0.25,
90,0.5,270,0.75,90,0.25,270,0.5,180,0.5,0,0.75,180,0.25,0,0.5,90,0.5,270,0.75,90,0.25,270,0.5,180,0.5,0,0.75,180,0.25,0,0.5,90,0.5,270,0.75,90,0.25,270,0.5,180,0.5,0,0.75,180,0.25,90,0.5,180,0.5,90,0.75,180,0.25,90,0.75,90,0.25,90,0.75,180,0.125,180,0.125,180,0.5,
0,0.5,90,0.75,0,0.25,180,0.5,180,0.5,270,0.75,90,0.25,0,0.5,30,0.5,120,0.75,40,0.25,210,0.5,150,0.5,310,0.75,150,0.25,0,0.5,100,0.5,20,0.75,190,0.25,40,0.5,150,0.5,20,0.75,90,0.25,150,0.5,0,0.25,180,0.25,50,0.25,190,0.25,290,0.25,30,0.25,70,0.25,230,0.25,330,0.25,150,0.25,40,0.25,0,0.25,130,0.25,20,0.25,100,0.25,280,1.5,
0,1,0,1,0,1,0,1,90,1,90,1,90,1,90,1,180,1,180,1,180,1,180,1,270,1,270,1,270,1,270,1,45,1,45,1,45,1,45,1,135,1,135,1,135,1,135,1,90,1,270,1,180,1,0,1,